68802443599
529120576079
296022769723
480616032991
176155659587
76078076777
947873523473
809589029573
238102333409
387074784751
598093564169
539604726779
674774634013
164461865189
464062006657
742573566139
946437590083
335768084011
189977647973
43542721421
969651060803
521818323277
109487160313
77308555579
502215835669
881360033531
953951835449
998696358133
326120300057
918229898447
150856037201
907423822973
255469808497
659671104997
284989807147
375132077953
708431345161
127564950109
938185177889
489838585813
377110285169
187227741697
992888403103
67713898981
22442231561
207757234183
505462879517
553277646401
737026920037
6298346317
612341235019
673191060203
75848080019
780338794057
439677694633
22965334939
182873167391
456780037817
297941569183
131647133369
601150028519
129237542009
968980043573
146759597471
995062312589
755456078477
220346730347
236183743573
638868181823
938928675871
120319535443
236312983061
207160579151
679327900751
455372788243
173695907971
67432104059
451821492917
592284781019
768805461143
241282709279
414928891031
757346844521
970180077649
78471170027
770112161699
750762287567
305679248041
167076548603
881555783161
934413592921
497842174363
888475070683
820698394231
84414734689
97653216743
421167197327
568284972193
542621728843
277911979769
801072289697
101955089833
850096844039
527360563963
687110232521
623017374769
728898085957
614809673741
